"Increase of voice coil temperature Delta Tv (t) and electrical input power P (t)"							
"Delta Tv"		"P real"		"P Re"		"P mech"	
"t [sec]"	"Delta Tv [K]"	"t [sec]"	"P [W]"	"t [sec]"	"P [W]"	"t [sec]"	"P [W]"
		0	0	0	0		
				1	1.15725e-005		
				2	0.00173659		
				3	0.000990169		
				4	0.000567051		
				5	0.000318966		
				6	0.000185159		
				7	5.85856e-005		
				8	3.93785e-006		
				9	5.14332e-006		
				10	5.14332e-006		
				11	5.14332e-006		
				12	3.93785e-006		
				13	5.14332e-006		
				14	3.93785e-006		
				15	3.93785e-006		
				16	5.14332e-006		
				17	5.14332e-006		
				18	3.93785e-006		
				19	5.14332e-006		
				20	5.14332e-006		
				21	5.14332e-006		
				22	5.14332e-006		
23	0			23	0.02826		
24	0			24	0.026202		
25	0			25	0.0246651		
26	0			26	0.0252022		
27	0			27	0.0256543		
28	0			28	0.0246651		
29	0			29	0.0244873		
30	0			30	0.0247542		
31	0			31	0.0247542		
32	0			32	0.0247542		
33	0			33	0.0243987		
34	0			34	0.0251123		
35	0			35	0.0252022		
36	0			36	0.0244873		
37	0			37	0.0241337		
38	0			38	0.0252022		
39	0			39	0.0245761		
40	0			40	0.0250225		
41	0			41	0.0249329		
42	0			42	0.0248435		
43	0			43	0.0244873		
44	0			44	0.0249329		
45	0			45	0.0243102		
46	0			46	0.0250225		
47	0			47	0.0245761		
48	0			48	0.0243987		
49	0			49	0.0251123		
50	0			50	0.0251123		
51	0			51	0.0248435		
52	0			52	0.0245761		
53	0			53	0.0252022		
54	0			54	0.0250225		
55	0			55	0.0248435		
56	0			56	0.0246651		
57	0			57	0.0248435		
58	0			58	0.0247542		
59	0			59	0.0249329		
60	0			60	0.0247542		
61	0			61	0.0248435		
62	0			62	0.0245761		
64	0	64	0.0298023	64	0.0245761		
66	0	66	0.0308752	66	0.0253826		
68	0	68	0.0299215	68	0.0246651		
70	0	70	0.0300407	70	0.0246651		
72	0	72	0.0303984	72	0.0250225		
74	0	74	0.0449419	74	0.037489		
76	0	76	0.0895262	76	0.074218		
78	0	78	0.079751	78	0.065095		
80	0	80	0.0799894	80	0.0655297		
82	0	82	0.0898838	82	0.0745273		
84	0	84	0.0648499	84	0.0537736	84	0.00441074
86	0	86	0.0325441	86	0.0271278	86	0.00226498
88	0	88	0.026226	88	0.0222349	88	0.00214577
90	0	90	0.0255108	90	0.0213975	90	0.0026226
92	0	92	0.0249147	92	0.0211494	92	0.0026226
94	0	94	0.0245571	94	0.0208208	94	0.00298023
96	0	96	0.0231266	96	0.0195324	96	0.00298023
98	0	98	0.0221729	98	0.0188258	98	0.00274181
100	0	100	0.0259876	100	0.0219819	100	0.00369549
102	0	102	0.023365	102	0.0197709	102	0.00333786
104	0	104	0.0213385	104	0.0180559	104	0.00309944
106	0	106	0.0231266	106	0.0195324	106	0.00345707
108	0	108	0.0234842	108	0.0197709	108	0.00369549
110	0	110	0.0213385	110	0.0179798	110	0.00345707
112	0	112	0.0207424	112	0.0174516	112	0.00357628
114	0	114	0.0201464	114	0.0170051	114	0.00321865
116	0	116	0.0232458	116	0.0197709	116	0.00369549
118	0	118	0.023365	118	0.0196912	118	0.0038147
120	0	120	0.023365	120	0.0198507	120	0.00345707
122	0	122	0.022769	122	0.0192955	122	0.00357628
124	0	124	0.0245571	124	0.0208208	124	0.00405312
126	0	126	0.019908	126	0.016784	126	0.00309944
128	0	128	0.023365	128	0.0198507	128	0.00393391
130	0	130	0.0207424	130	0.0174516	130	0.00321865
132	0	132	0.0209808	132	0.017677	132	0.0038147
134	0	134	0.0189543	134	0.0159141	134	0.00309944
136	0	136	0.0222921	136	0.0187481	136	0.0038147
138	0	138	0.0245571	138	0.0207391	138	0.00405312
140	0	140	0.0226498	140	0.0192168	140	0.00369549
142	0	142	0.0247955	142	0.021067	142	0.00393391
143	0.0345752	143	0.0157356	143	0.013314	143	0.00238419
144	0.0156236	144	0.0263453	144	0.0223208	144	0.00476837
145	0.0961554	145	0.0265837	145	0.0224974	145	0.00429153
146	0.220659	146	0.0230074	146	0.0196282	146	0.00369549
147	0.267489	147	0.0251532	147	0.0212535	147	0.00429153
148	0.377241	148	0.0268221	148	0.0226067	148	0.00452995
149	0.589206	149	0.0252724	149	0.0212794	149	0.00452995
150	0.632762	150	0.025034	150	0.021283	150	0.00405312
151	0.409272	151	0.0271797	151	0.0227804	151	0.00488758
152	0.0776972	152	0.0258684	152	0.0216534	152	0.00464916
153	-0.30526	153	0.0272989	153	0.0229756	153	0.00441074
154	-0.686544	154	0.0287294	154	0.023983	154	0.00524521
155	-1.07071	155	0.0267029	155	0.0223977	155	0.00441074
156	-1.17179	156	0.0293255	156	0.024644	156	0.00500679
157	-0.931418	157	0.031352	157	0.0263844	157	0.00536442
158	-0.624052	158	0.0286102	158	0.0241644	158	0.00464916
159	-0.37097	159	0.0300407	159	0.0252567	159	0.005126
160	-0.137207	160	0.0312328	160	0.0262802	160	0.00524521
161	0.0119215	161	0.0315905	161	0.0264793	161	0.00548363
162	-0.0406504	162	0.0312328	162	0.026198	162	0.005126
163	-0.174996	163	0.033617	163	0.0282412	163	0.00548363
164	-0.270327	164	0.0329018	164	0.0275684	164	0.00536442
165	-0.177878	165	0.0331402	165	0.0277667	165	0.00536442
166	0.0415416	166	0.0360012	166	0.0301047	166	0.00560284
167	0.385044	167	0.0354052	167	0.0298492	167	0.00524521
168	0.91626	168	0.0374317	168	0.0316025	168	0.00584126
169	1.49479	169	0.0374317	169	0.0315706	169	0.00596046
170	1.89664	170	0.0398159	170	0.0336745	170	0.00619888
171	2.1189	171	0.0400543	171	0.0338073	171	0.0064373
172	2.3453	172	0.0419617	172	0.035748	172	0.00619888
173	2.63287	173	0.041604	173	0.0353569	173	0.00619888
174	2.90491	174	0.0441074	174	0.0377919	174	0.00703335
175	3.09758	175	0.0468493	175	0.0401842	175	0.00703335
176	3.30423	176	0.0447035	176	0.0384057	176	0.00655651
177	3.56888	177	0.0455379	177	0.0390054	177	0.00691414
178	3.80881	178	0.0520945	178	0.0445238	178	0.00822544
179	4.00195	179	0.048995	179	0.0420597	179	0.00762939
180	4.14493	180	0.0488758	180	0.0420822	180	0.00786781
181	4.17983	181	0.05126	181	0.0441043	181	0.00786781
182	4.01055	182	0.0491142	182	0.0421783	182	0.00739098
183	3.71102	183	0.0549555	183	0.0469492	183	0.0089407
184	3.26114	184	0.051856	184	0.0444325	184	0.00798702
185	2.61111	185	0.05126	185	0.0437263	185	0.00798702
186	1.88798	186	0.0542402	186	0.0461383	186	0.00798702
187	1.25236	187	0.0549555	187	0.0466393	187	0.00834465
188	0.861621	188	0.0545979	188	0.0459596	188	0.0089407
189	0.690271	189	0.0579357	189	0.0488962	189	0.00941753
190	0.638499	190	0.0606775	190	0.0511719	190	0.00953674
191	0.595383	191	0.058651	191	0.0492558	191	0.00953674
192	0.530041	192	0.0574589	192	0.0482413	192	0.00905991
193	0.502515	193	0.062108	193	0.0520479	193	0.00989437
194	0.486897	194	0.0638962	194	0.05361	194	0.010252
195	0.479529	195	0.0619888	195	0.0520434	195	0.0100136
196	0.515238	196	0.0652075	196	0.0545396	196	0.0107288
197	0.608115	197	0.0656843	197	0.0549573	197	0.0106096
198	0.730958	198	0.0655651	198	0.0551161	198	0.0103712
199	0.86901	199	0.0685453	199	0.0574354	199	0.0103712
200	1.03996	200	0.069499	200	0.0582926	200	0.0104904
201	1.19157	201	0.0674725	201	0.0565556	201	0.0106096
202	1.22937	202	0.074625	202	0.062667	202	0.0114441
203	1.20265	203	0.0742674	203	0.0626606	203	0.0116825
204	1.23716	204	0.0754595	204	0.0636686	204	0.0112057
205	1.34195	205	0.0758171	205	0.064125	205	0.0110865
206	1.5523	206	0.0805855	206	0.067532	206	0.0128746
207	1.88964	207	0.079155	207	0.0667332	207	0.0121593
208	2.25981	208	0.0832081	208	0.0707082	208	0.0127554
209	2.45129	209	0.0824928	209	0.0698531	209	0.013113
210	2.46197	210	0.0833273	210	0.0704594	210	0.0134706
211	2.40279	211	0.0874996	211	0.0744288	211	0.0138283
212	2.41308	212	0.087142	212	0.0742764	212	0.0141859
213	2.44759	213	0.0905991	213	0.0777408	213	0.0129938
214	2.45251	214	0.092864	214	0.0793385	214	0.0143051
215	2.45621	215	0.0931025	215	0.0793396	215	0.0140667
216	2.53799	216	0.0958443	216	0.0819527	216	0.0139475
217	2.5836	217	0.0969172	217	0.0824569	217	0.015378
218	2.55193	218	0.097394	218	0.0831027	218	0.0152588
219	2.5055	219	0.103831	219	0.0891047	219	0.0144243
220	2.50512	220	0.101686	220	0.0870757	220	0.0144243
221	2.53262	221	0.105262	221	0.0899662	221	0.0162125
222	2.56428	222	0.107527	222	0.0913492	222	0.0174046
223	2.54458	223	0.105977	223	0.090655	223	0.0152588
224	2.44637	224	0.108361	224	0.0919985	224	0.0166893
225	2.3453	225	0.107527	225	0.091274	225	0.0163317
226	2.30628	226	0.115514	226	0.0977365	226	0.0174046
227	2.31362	227	0.111699	227	0.0949115	227	0.0164509
228	2.27462	228	0.120759	228	0.102408	228	0.0180006
229	2.1768	229	0.125051	229	0.10586	229	0.0193119
230	2.0811	230	0.123978	230	0.104714	230	0.0189543
231	2.10003	231	0.122428	231	0.103253	231	0.0190735
232	2.21297	232	0.12517	232	0.105504	232	0.0194311
233	2.34242	233	0.126123	233	0.105926	233	0.0196695
234	2.46158	234	0.12815	234	0.108023	234	0.0203848
235	2.66251	235	0.132799	235	0.111504	235	0.0226498
236	3.07703	236	0.131249	236	0.110727	236	0.0203848
237	3.64077	237	0.127792	237	0.108315	237	0.0194311
238	4.19297	238	0.136018	238	0.115035	238	0.020504
239	4.51098	239	0.132203	239	0.112471	239	0.0189543
240	4.58656	240	0.141025	240	0.119119	240	0.0212193
241	4.60631	241	0.139475	241	0.118536	241	0.0203848
242	4.65647	242	0.154734	242	0.132329	242	0.0226498
243	4.66257	243	0.154018	243	0.131501	243	0.0224113
244	4.63424	244	0.145912	244	0.123925	244	0.0216961
245	4.62976	245	0.150084	245	0.126758	245	0.022769
246	4.59851	246	0.158548	246	0.13397	246	0.0251532
247	4.47814	247	0.146747	247	0.123451	247	0.0238419
248	4.32936	248	0.154972	248	0.130717	248	0.0255108
249	4.17368	249	0.159979	249	0.135855	249	0.0226498
250	3.97809	250	0.165582	250	0.141713	250	0.0249147
251	3.73812	251	0.167251	251	0.143094	251	0.0257492
252	3.55696	252	0.160456	252	0.136384	252	0.0251532
253	3.63051	253	0.164509	253	0.139602	253	0.0246763
254	3.93659	254	0.166178	254	0.141047	254	0.025034
255	4.22464	255	0.167847	255	0.142275	255	0.0264645
256	4.38732	256	0.169992	256	0.144744	256	0.0258684
257	4.53526	257	0.174642	257	0.14943	257	0.0261068
258	4.75918	258	0.172257	258	0.147351	258	0.02563
259	5.01102	259	0.183821	259	0.158001	259	0.0272989
260	5.18274	260	0.19002	260	0.162919	260	0.0293255
261	5.1984	261	0.180483	261	0.155165	261	0.0268221
262	5.02333	262	0.19002	262	0.163053	262	0.0294447
263	4.60754	263	0.188708	263	0.161419	263	0.0271797
264	4.08617	264	0.189185	264	0.161563	264	0.0286102
265	3.69908	265	0.203371	265	0.173712	265	0.0292063
266	3.44274	266	0.193954	266	0.164861	266	0.0293255
267	3.26069	267	0.201464	267	0.171059	267	0.0290871
268	3.12797	268	0.206709	268	0.176202	268	0.028491
269	3.03722	269	0.208259	269	0.1771	269	0.0294447
270	3.00224	270	0.219822	270	0.186558	270	0.031352
271	2.88843	271	0.226259	271	0.192184	271	0.0314713
272	2.73192	272	0.224471	272	0.190326	272	0.0315905
273	2.63537	273	0.228643	273	0.193001	273	0.0342131
274	2.52155	274	0.241518	274	0.204085	274	0.0350475
275	2.36951	275	0.24116	275	0.203454	275	0.0355244
276	2.15958	276	0.243187	276	0.204836	276	0.0357628
277	1.98909	277	0.252962	277	0.212764	277	0.0396967
278	2.01782	278	0.238538	278	0.201137	278	0.0363588
279	2.31899	279	0.249386	279	0.209626	279	0.038147
280	2.78824	280	0.248551	280	0.209997	280	0.0351667
281	3.1847	281	0.248432	281	0.209787	281	0.0344515
282	3.5286	282	0.249982	282	0.210843	282	0.0363588
283	3.77801	283	0.269771	283	0.22789	283	0.0383854
284	3.78291	284	0.27144	284	0.228713	284	0.0386238
285	3.58815	285	0.259042	285	0.218561	285	0.0355244
286	3.287	286	0.296474	286	0.250045	286	0.0422001
287	3.09803	287	0.295877	287	0.249867	287	0.0427961
288	3.09964	288	0.288725	288	0.243918	288	0.0424385
289	3.10458	289	0.303626	289	0.257919	289	0.043869
290	2.99941	290	0.314116	290	0.266871	290	0.0429153
291	2.77549	291	0.311255	291	0.263419	291	0.043869
292	2.5433	292	0.295043	292	0.248778	292	0.0426769
293	2.34447	293	0.336528	293	0.28657	293	0.0485182
294	2.12094	294	0.303268	294	0.255238	294	0.0444651
295	1.93891	295	0.323057	295	0.272004	295	0.0457764
296	2.00056	296	0.336766	296	0.284678	296	0.0492334
297	2.34447	297	0.3196	297	0.269456	297	0.0456572
298	2.9205	298	0.329256	298	0.277498	298	0.0542402
299	3.58242	299	0.331879	299	0.280905	299	0.0493526
300	4.22911	300	0.326395	300	0.276754	300	0.0464916
301	4.85858	301	0.335336	301	0.285602	301	0.0510216
302	5.49422	302	0.344872	302	0.296796	302	0.0472069
303	5.95686	303	0.350595	303	0.303592	303	0.0480413
304	6.22595	304	0.343084	304	0.294483	304	0.0485182
305	6.4581	305	0.352502	305	0.302893	305	0.051856
306	6.64303	306	0.373006	306	0.322035	306	0.0516176
307	6.82788	307	0.372529	307	0.321278	307	0.0500679
308	6.98158	308	0.36025	308	0.309524	308	0.0498295
309	7.044	309	0.377536	309	0.325457	309	0.0497103
310	6.97338	310	0.404596	310	0.348373	310	0.0536442
311	6.94707	311	0.408769	311	0.351738	311	0.0528097
312	6.91667	312	0.422359	312	0.365108	312	0.0538826
313	6.91297	313	0.414848	313	0.357164	313	0.0576973
314	7.14346	314	0.426888	314	0.367154	314	0.0543594
315	7.52926	315	0.429988	315	0.369074	315	0.0590086
316	7.91549	316	0.427485	316	0.365762	316	0.0612736
317	8.2762	317	0.443578	317	0.383167	317	0.0549555
318	8.64068	318	0.461102	318	0.398454	318	0.0613928
319	9.21588	319	0.444531	319	0.386284	319	0.0590086
320	9.8318	320	0.462651	320	0.402762	320	0.058651
321	10.1958	321	0.481367	321	0.419607	321	0.0591278
322	10.1362	322	0.437856	322	0.380784	322	0.0544786
323	9.82194	323	0.516772	323	0.447537	323	0.0638962
324	9.47968	324	0.489593	324	0.424878	324	0.0610352
325	9.26475	325	0.465035	325	0.404856	325	0.0556707
326	9.10287	326	0.522852	326	0.449446	326	0.07236
327	8.88023	327	0.482082	327	0.417215	327	0.0627041
328	8.54781	328	0.50056	328	0.432471	328	0.0669956
329	7.90071	329	0.534415	329	0.460644	329	0.0690222
330	7.01774	330	0.533938	330	0.454872	330	0.0755787
331	6.14379	331	0.487924	331	0.415972	331	0.0661612
332	5.44735	332	0.494599	332	0.420821	332	0.0690222
333	5.02171	333	0.519037	333	0.440427	333	0.0699759
334	4.84218	334	0.49746	334	0.423588	334	0.0659227
335	4.75462	335	0.491977	335	0.4153	335	0.0725985
336	4.73122	336	0.501633	336	0.423785	336	0.0724792
337	4.77602	337	0.483632	337	0.409821	337	0.0665188
338	4.84544	338	0.493169	338	0.417656	338	0.0706911
339	4.86925	339	0.49603	339	0.420657	339	0.0687838
340	4.81876	340	0.495315	340	0.420949	340	0.0699759
341	4.75137	341	0.511169	341	0.435064	341	0.0665188
342	4.67408	342	0.532269	342	0.452463	342	0.0721216
343	4.64659	343	0.515819	343	0.438673	343	0.0679493
344	4.73616	344	0.515938	344	0.43882	344	0.0658035
345	4.93006	345	0.554442	345	0.46804	345	0.0805855
346	5.16468	346	0.519753	346	0.438763	346	0.0780821
347	5.3837	347	0.501513	347	0.426686	347	0.0679493
348	5.62611	348	0.555754	348	0.471613	348	0.0733137
349	5.89152	349	0.537992	349	0.458781	349	0.0668764
350	6.06123	350	0.542641	350	0.461016	350	0.0714064
351	6.07889	351	0.564933	351	0.480721	351	0.0725985
352	5.92563	352	0.607729	352	0.513997	352	0.0902414
353	5.6832	353	0.548482	353	0.463094	353	0.079155
354	5.61047	354	0.58794	354	0.499531	354	0.0810623
355	5.91081	355	0.617146	355	0.524711	355	0.0857115
356	6.69435	356	0.589848	356	0.501953	356	0.0858307
357	7.68089	357	0.579119	357	0.494442	357	0.0799894
358	8.55356	358	0.611067	358	0.522343	358	0.0854731
359	9.0885	359	0.59998	359	0.51382	359	0.0878572
360	9.48668	360	0.559568	360	0.480785	360	0.0743866
361	9.72125	361	0.632882	361	0.547412	361	0.079751
362	9.50675	362	0.620961	362	0.534673	362	0.079751
363	9.09468	363	0.601411	363	0.512592	363	0.0844002
364	8.7109	364	0.609159	364	0.52098	364	0.0811815
365	8.32674	365	0.676274	365	0.585295	365	0.0847578
366	7.97835	366	0.647545	366	0.555006	366	0.084281
367	7.65418	367	0.59998	367	0.50988	367	0.0807047
368	7.29917	368	0.691056	368	0.594547	368	0.0886917
369	7.0522	369	0.6634	369	0.567301	369	0.0814199
370	6.92321	370	0.621676	370	0.528354	370	0.0854731
371	6.81513	371	0.702381	371	0.599693	371	0.0985861
372	6.51278	372	0.668168	372	0.568762	372	0.0888109
373	6.09117	373	0.668883	373	0.568305	373	0.0917912
374	5.71607	374	0.686646	374	0.584038	374	0.0988245
375	5.66552	375	0.669837	375	0.567839	375	0.0915527
376	5.89566	376	0.688553	376	0.587061	376	0.0884533
377	6.15694	377	0.684857	377	0.585434	377	0.0895262
378	6.38495	378	0.682592	378	0.582422	378	0.0929832
379	6.76423	379	0.66936	379	0.567561	379	0.0929832
380	7.19397	380	0.700235	380	0.602763	380	0.0927448
381	7.56212	381	0.712633	381	0.613903	381	0.101924
382	7.92615	382	0.66638	382	0.569136	382	0.0901222
383	8.22154	383	0.667572	383	0.570625	383	0.0909567
384	8.59832	384	0.739217	384	0.634477	384	0.106692
385	8.85267	385	0.703454	385	0.608258	385	0.0940561
386	8.92415	386	0.685573	386	0.588793	386	0.0952482
387	8.71666	387	0.729084	387	0.629713	387	0.0902414
388	8.25197	388	0.768661	388	0.663343	388	0.0981092
389	7.59008	389	0.729561	389	0.627559	389	0.0978708
390	6.94006	390	0.736952	390	0.633346	390	0.0929832
391	6.36856	391	0.797629	391	0.685077	391	0.0987053
392	5.93672	392	0.813127	392	0.69732	392	0.0988245
393	5.77484	393	0.748634	393	0.639291	393	0.0989437
394	5.887	394	0.822306	394	0.701026	394	0.108361
395	6.34961	395	0.814319	395	0.695995	395	0.107527
396	6.87557	396	0.788093	396	0.672636	396	0.109196
397	7.10937	397	0.783205	397	0.669923	397	0.101566
398	7.2047	398	0.849843	398	0.731238	398	0.102639
399	7.26756	399	0.845194	399	0.726011	399	0.107646
400	7.39655	400	0.814795	400	0.703994	400	0.0997782
401	7.60734	401	0.869393	401	0.749654	401	0.109434
402	7.62907	402	0.862598	402	0.738798	402	0.114441
403	7.4528	403	0.850916	403	0.728961	403	0.112891
404	7.0876	404	0.873327	404	0.747221	404	0.110269
405	6.61507	405	0.846148	405	0.722307	405	0.106931
406	6.18736	406	0.879765	406	0.751181	406	0.112057
407	5.94945	407	0.894427	407	0.762986	407	0.113726
408	5.86156	408	0.858188	408	0.731523	408	0.110388
409	6.02544	409	0.887752	409	0.753216	409	0.124216
410	6.33934	410	0.870705	410	0.739714	410	0.118256
411	6.63353	411	0.900388	411	0.768445	411	0.115514
412	6.91415	412	0.865102	412	0.741292	412	0.103235
413	7.24987	413	0.887752	413	0.761148	413	0.106931
414	7.6591	414	0.928998	414	0.798885	414	0.106215
415	8.13449	415	0.913024	415	0.785423	415	0.107408
416	8.62261	416	0.956893	416	0.818843	416	0.130653
417	9.00224	417	0.910878	417	0.780786	417	0.123024
418	9.28822	418	0.954151	418	0.817194	418	0.125051
419	9.55034	419	0.897408	419	0.772688	419	0.116944
420	9.72948	420	0.892401	420	0.766105	420	0.123382
421	9.66662	421	0.933766	421	0.801186	421	0.118136
422	9.53511	422	0.918508	422	0.792557	422	0.112772
423	9.57089	423	0.897765	423	0.77427	423	0.111461
424	9.55896	424	0.960469	424	0.827954	424	0.117779
425	9.21548	425	0.918031	425	0.793169	425	0.112295
426	8.6793	426	0.917196	426	0.787511	426	0.115037
427	8.27006	427	0.928164	427	0.792465	427	0.124216
428	8.00873	428	0.92423	428	0.7871	428	0.127077
429	7.82671	429	0.885367	429	0.756754	429	0.113368
430	7.73347	430	0.933409	430	0.796535	430	0.118732
431	7.76878	431	0.885606	431	0.757092	431	0.10848
432	7.84069	432	0.913024	432	0.779484	432	0.114679
433	7.8896	433	0.92876	433	0.791354	433	0.115633
434	8.00713	434	0.948191	434	0.807134	434	0.116706
435	8.0609	435	0.967503	435	0.827066	435	0.116944
436	7.94998	436	0.933409	436	0.7982	436	0.114799
437	7.90318	437	0.962019	437	0.819798	437	0.123143
438	7.98694	438	0.951886	438	0.809144	438	0.124931
439	8.09463	439	0.923514	439	0.789393	439	0.115275
440	8.0605	440	0.990272	440	0.839676	440	0.136852
441	7.85672	441	0.9197	441	0.785638	441	0.113606
442	7.68169	442	0.97847	442	0.833244	442	0.126719
443	7.8041	443	0.964165	443	0.817937	443	0.128746
444	8.0034	444	0.867724	444	0.735371	444	0.115871
445	7.98694	445	0.988126	445	0.839448	445	0.125885
446	7.63817	446	0.950575	446	0.812763	446	0.113845
447	7.07562	447	0.967503	447	0.819895	447	0.123501
448	6.35172	448	0.971437	448	0.822895	448	0.119805
449	5.71116	449	1.02425	449	0.864603	449	0.124335
450	5.38781	450	0.983238	450	0.831924	450	0.121236
451	5.29742	451	0.990987	451	0.838446	451	0.12219
452	5.39108	452	1.0165	452	0.859321	452	0.127316
453	5.52915	453	1.01626	453	0.857639	453	0.135064
454	5.47487	454	0.983	454	0.828539	454	0.126004
455	5.27071	455	1.02866	455	0.865316	455	0.132561
456	5.08088	456	0.967264	456	0.811263	456	0.137806
457	4.81583	457	0.98443	457	0.829109	457	0.12517
458	4.44278	458	1.01519	458	0.846264	458	0.139952
459	4.07504	459	1.02139	459	0.857224	459	0.126243
460	3.97563	460	0.97239	460	0.817188	460	0.124574
461	4.25341	461	1.03641	461	0.874819	461	0.132561
462	4.80516	462	1.02508	462	0.863815	462	0.128746
463	5.58828	463	0.994325	463	0.837781	463	0.136971
464	6.44908	464	1.02007	464	0.863239	464	0.139236
465	7.36857	465	0.954509	465	0.810918	465	0.13268
466	8.31772	466	0.942588	466	0.799798	466	0.132561
467	9.24297	467	0.966787	467	0.824898	467	0.120282
468	9.85806	468	0.974536	468	0.837296	468	0.112295
469	9.96859	469	0.967622	469	0.829724	469	0.120521
470	9.56637	470	0.951409	470	0.813857	470	0.12064
471	8.89786	471	0.99802	471	0.853948	471	0.123024
472	8.16244	472	1.01829	472	0.868189	472	0.125051
473	7.57527	473	1.04511	473	0.889479	473	0.130296
474	7.36943	474	0.993848	474	0.848091	474	0.121832
475	7.36658	475	1.04213	475	0.886627	475	0.134349
476	7.57733	476	1.05131	476	0.89383	476	0.129819
477	7.99887	477	1.01078	477	0.859643	477	0.120282
478	8.44465	478	1.07062	478	0.91093	478	0.127673
479	8.77668	479	1.04439	479	0.887443	479	0.128984
480	9.03097	480	1.05488	480	0.902459	480	0.127196
481	9.35643	481	1.12259	481	0.951882	481	0.154614
482	9.7369	482	1.01662	482	0.863542	482	0.134349
483	10.1806	483	1.07765	483	0.92063	483	0.128388
484	10.6975	484	1.13356	484	0.97019	484	0.139832
485	11.0927	485	1.04308	485	0.897193	485	0.125051
486	11.3233	486	1.09076	486	0.939571	486	0.121474
487	11.4609	487	1.0978	487	0.943977	487	0.131965
495	11.8422	495	1.12653	495	0.967963	495	0.139713
503	7.53662	503	1.10006	503	0.927163	503	0.137329
511	9.80547	511	1.04308	511	0.888078	511	0.138521
519	14.5942	519	1.03199	519	0.892067	519	0.133038
527	10.091	527	1.00791	527	0.865738	527	0.11909
535	10.7143	535	1.03986	535	0.895408	535	0.124693
543	9.50594	543	1.01566	543	0.867643	543	0.133753
551	8.03424	551	1.04785	551	0.88502	551	0.143886
559	6.98158	559	1.07419	559	0.910403	559	0.136137
567	7.38011	567	1.03998	567	0.87857	567	0.134826
575	9.8967	575	1.09339	575	0.930227	575	0.146627
583	10.81	583	1.18661	583	1.0138	583	0.149727
591	11.4223	591	1.20032	591	1.02719	591	0.144839
599	11.9095	599	1.14489	599	0.978494	599	0.141501
607	10.3688	607	1.11568	607	0.951467	607	0.12958
615	8.02558	615	1.23906	615	1.05252	615	0.157118
623	10.2081	623	1.17171	623	1.00404	623	0.134468
631	6.38824	631	1.1183	631	0.93762	631	0.133157
639	12.6085	639	1.20628	639	1.04168	639	0.140667
647	12.7264	647	1.14703	647	0.989468	647	0.141382
655	11.6787	655	1.15621	655	0.990317	655	0.137091
663	12.5542	663	1.22404	663	1.05991	663	0.135422
671	10.0865	671	1.17624	671	0.997809	671	0.156403
679	11.1039	679	1.10447	679	0.946688	679	0.127912
687	9.17811	687	1.18518	687	1.01356	687	0.131965
695	7.07523	695	1.14048	695	0.95792	695	0.144243
703	10.0077	703	1.0891	703	0.930048	703	0.137925
711	10.746	711	1.20306	711	1.03464	711	0.14019
719	13.565	719	1.11258	719	0.945548	719	0.149488
727	10.211	727	1.13928	727	0.963923	727	0.157475
735	8.92583	735	1.1431	735	0.969582	735	0.141501
743	11.1906	743	1.12724	743	0.968516	743	0.140548
751	8.41551	751	1.1183	751	0.948034	751	0.136137
759	7.59127	759	1.12069	759	0.946835	759	0.133514
767	9.27383	767	0.993371	767	0.839199	767	0.137091
775	14.5868	775	1.04284	775	0.902527	775	0.141025
783	14.6936	783	1.06156	783	0.91844	783	0.1266
