"Magnitude of transfer function Hx(f)= X(f)/U(f)"							
"Measured"		"Fitted without creep"		"Fitted"		"Imported"	
"Frequency [Hz]"	"[mm/V]"	"Frequency [Hz]"	"[mm/V]"	"Frequency [Hz]"	"[mm/V]"	"Frequency [Hz]"	"[mm/V]"
5.85938	0.983062	5.85938	0.919685	5.85938	0.953446		
7.32422	0.959557	7.32422	0.908594	7.32422	0.937449		
8.78906	0.942962	8.78906	0.895509	8.78906	0.920201		
10.2539	0.968944	10.2539	0.880668	10.2539	0.901767		
11.7188	0.872846	11.7188	0.864325	11.7188	0.882296		
13.1836	0.833018	13.1836	0.846733	13.1836	0.861979		
14.6484	0.819634	14.6484	0.82814	14.6484	0.841015		
16.1133	0.812892	16.1133	0.80878	16.1133	0.819599		
17.5781	0.791347	17.5781	0.78887	17.5781	0.797913		
19.043	0.753496	19.043	0.768605	19.043	0.776123		
20.5078	0.750936	20.5078	0.748156	20.5078	0.754371		
21.9727	0.720837	21.9727	0.727675	21.9727	0.732781		
23.4375	0.688498	23.4375	0.707287	23.4375	0.711456		
24.9023	0.666367	24.9023	0.687099	24.9023	0.69048		
26.3672	0.651183	26.3672	0.6672	26.3672	0.669921		
27.832	0.640691	27.832	0.647658	27.832	0.64983		
29.2969	0.614551	29.2969	0.628528	29.2969	0.630247		
30.7617	0.587453	30.7617	0.609854	30.7617	0.611199		
32.2266	0.571567	32.2266	0.591664	32.2266	0.592705		
33.6914	0.555862	33.6914	0.573982	33.6914	0.574776		
35.1563	0.548949	35.1563	0.55682	35.1563	0.557415		
36.6211	0.519127	36.6211	0.540185	36.6211	0.540622		
38.0859	0.516858	38.0859	0.524079	38.0859	0.524391		
39.5508	0.50127	39.5508	0.508498	39.5508	0.508715		
41.0156	0.495245	41.0156	0.493438	41.0156	0.493582		
42.4805	0.477771	42.4805	0.478889	42.4805	0.478978		
43.9453	0.466781	43.9453	0.464841	43.9453	0.464891		
45.4102	0.447564	45.4102	0.451281	45.4102	0.451305		
46.875	0.441601	46.875	0.438196	46.875	0.438204		
48.3398	0.416962	48.3398	0.425571	48.3398	0.425571		
49.8047	0.416914	49.8047	0.413393	49.8047	0.413391		
51.2695	0.402836	51.2695	0.401645	51.2695	0.401646		
52.7344	0.395976	52.7344	0.390314	52.7344	0.390322		
54.1992	0.379853	54.1992	0.379383	54.1992	0.379401		
55.6641	0.381888	55.6641	0.368839	55.6641	0.368869		
57.1289	0.363153	57.1289	0.358667	57.1289	0.35871		
58.5938	0.351468	58.5938	0.348853	58.5938	0.348909		
60.0586	0.337517	60.0586	0.339382	60.0586	0.339453		
61.5234	0.335875	61.5234	0.330242	61.5234	0.330328		
64.4531	0.309615	64.4531	0.312901	64.4531	0.313015		
65.918	0.308064	65.918	0.304676	65.918	0.304804		
67.3828	0.306813	67.3828	0.296733	67.3828	0.296873		
70.3125	0.282748	70.3125	0.281645	70.3125	0.281808		
71.7773	0.297499	71.7773	0.27448	71.7773	0.274654		
73.2422	0.276216	73.2422	0.267554	73.2422	0.267737		
76.1719	0.260579	76.1719	0.254383	76.1719	0.254583		
77.6367	0.253192	77.6367	0.248119	77.6367	0.248326		
80.5664	0.224472	80.5664	0.236196	80.5664	0.236415		
83.4961	0.224244	83.4961	0.225025	83.4961	0.225253		
84.9609	0.20889	84.9609	0.219704	84.9609	0.219936		
87.8906	0.213845	87.8906	0.209558	87.8906	0.209795		
90.8203	0.204488	90.8203	0.200032	90.8203	0.200272		
92.2852	0.196001	92.2852	0.195487	92.2852	0.195728		
95.2148	0.185329	95.2148	0.186806	95.2148	0.187047		
98.1445	0.185732	98.1445	0.178637	98.1445	0.178877		
101.074	0.178794	101.074	0.170944	101.074	0.171182		
104.004	0.161074	104.004	0.163693	104.004	0.163928		
106.934	0.165061	106.934	0.156853	106.934	0.157084		
111.328	0.155828	111.328	0.147302	111.328	0.147526		
114.258	0.145992	114.258	0.14137	114.258	0.141588		
117.188	0.140297	117.188	0.135759	117.188	0.135971		
120.117	0.120076	120.117	0.130448	120.117	0.130654		
124.512	0.132352	124.512	0.123	124.512	0.123196		
127.441	0.119634	127.441	0.118355	127.441	0.118545		
131.836	0.108706	131.836	0.111826	131.836	0.112006		
134.766	0.110382	134.766	0.107745	134.766	0.107919		
139.16	0.103895	139.16	0.101999	139.16	0.102163		
143.555	0.0855087	143.555	0.0966645	143.555	0.09682		
147.949	0.0939992	147.949	0.0917066	147.949	0.0918533		
152.344	0.0902617	152.344	0.087092	152.344	0.0872304		
156.738	0.0783178	156.738	0.0827912	156.738	0.0829216		
161.133	0.0791413	161.133	0.0787777	161.133	0.0789005		
165.527	0.0773358	165.527	0.0750276	165.527	0.0751432		
169.922	0.0701285	169.922	0.0715194	169.922	0.0716282		
175.781	0.0594954	175.781	0.0671847	175.781	0.067285		
180.176	0.0645982	180.176	0.0641683	180.176	0.0642628		
186.035	0.0615907	186.035	0.06043	186.035	0.0605171		
191.895	0.0626723	191.895	0.056986	191.895	0.0570664		
197.754	0.0527701	197.754	0.0538073	197.754	0.0538815		
202.148	0.0528028	202.148	0.0515819	202.148	0.0516519		
209.473	0.0465141	209.473	0.0481467	209.473	0.0482101		
215.332	0.0476815	215.332	0.0456222	215.332	0.0456808		
221.191	0.0367983	221.191	0.0432769	221.191	0.0433312		
227.051	0.0446761	227.051	0.041095	227.051	0.0411452		
234.375	0.0444052	234.375	0.0385756	234.375	0.0386213		
241.699	0.0345593	241.699	0.0362645	241.699	0.0363062		
249.023	0.0338549	249.023	0.0341403	249.023	0.0341784		
254.883	0.0293498	254.883	0.0325628	254.883	0.0325981		
263.672	0.02811	263.672	0.0303792	263.672	0.030411		
270.996	0.0319444	270.996	0.0287111	270.996	0.0287402		
278.32	0.0300118	278.32	0.0271666	278.32	0.0271933		
287.109	0.0227372	287.109	0.0254606	287.109	0.0254847		
295.898	0.0210862	295.898	0.0238988	295.898	0.0239206		
303.223	0.0217306	303.223	0.0226965	303.223	0.0227166		
313.477	0.0157115	313.477	0.0211491	313.477	0.021167		
322.266	0.0101663	322.266	0.0199362	322.266	0.0199525		
331.055	0.0193748	331.055	0.0188172	331.055	0.018832		
341.309	0.019494	341.309	0.0176182	341.309	0.0176316		
351.563	0.0186199	351.563	0.016522	351.563	0.0165341		
361.816	0.011904	361.816	0.0155178	361.816	0.0155286		
372.07	0.0162852	372.07	0.0145958	372.07	0.0146056		
382.324	0.0136867	382.324	0.0137478	382.324	0.0137567		
394.043	0.0130001	394.043	0.0128597	394.043	0.0128677		
405.762	0.0116595	405.762	0.0120489	405.762	0.0120561		
417.48	0.0134574	417.48	0.0113072	417.48	0.0113137		
429.199	0.0114663	429.199	0.0106272	429.199	0.010633		
442.383	0.0139951	442.383	0.00992806	442.383	0.00993327		
455.566	0.00957949	455.566	0.0092911	455.566	0.00929577		
468.75	0.00635982	468.75	0.00870947	468.75	0.00871367		
481.934	0.00421145	481.934	0.00817723	481.934	0.00818101		
496.582	0.00732897	496.582	0.00763748	496.582	0.00764085		
511.23	0.00944333	511.23	0.00714611	511.23	0.00714912		
525.879	0.00568022	525.879	0.00669775	525.879	0.00670045		
541.992	0.0074473	541.992	0.00624868	541.992	0.00625109		
558.105	0.0065323	558.105	0.00584066	558.105	0.00584281		
574.219	0.000340023	574.219	0.00546903	574.219	0.00547095		
590.332	0.00577786	590.332	0.00512977	590.332	0.0051315		
607.91	0.00396118	607.91	0.00479249	607.91	0.00479403		
625.488	0.00230781	625.488	0.00448564	625.488	0.00448702		
644.531	0.00401514	644.531	0.00418362	644.531	0.00418485		
663.574	0.00161497	663.574	0.00390958	663.574	0.00391067		
682.617	0.00119489	682.617	0.0036603	682.617	0.00366127		
701.66	0.00337204	701.66	0.00343299	701.66	0.00343386		
723.633	0.00572321	723.633	0.00319487	723.633	0.00319565		
744.141	0.00553331	744.141	0.0029933	744.141	0.002994		
766.113	0.00336078	766.113	0.00279689	766.113	0.00279751		
788.086	0.0030805	788.086	0.0026184	788.086	0.00261895		
811.523	0.0045371	811.523	0.00244545	811.523	0.00244594		
834.961	0.00481394	834.961	0.00228842	834.961	0.00228886		
859.863	0.00311942	859.863	0.00213696	859.863	0.00213735		
884.766	0.00734459	884.766	0.00199951	884.766	0.00199986		
911.133	0.00194921	911.133	0.00186743	911.133	0.00186774		
937.5	0.00113698	937.5	0.00174757	937.5	0.00174785		
965.332	0.00398193	965.332	0.00163272	965.332	0.00163297		
993.164	0.00175122	993.164	0.00152847	993.164	0.00152869		
1022.46	0.00385068	1022.46	0.0014288	1022.46	0.001429		
1051.76	0.00493889	1051.76	0.00133826	1051.76	0.00133843		
1082.52	0.00262494	1082.52	0.00125186	1082.52	0.00125201		
1114.75	0.00147529	1114.75	0.00116974	1114.75	0.00116987		
1146.97	0.00401675	1146.97	0.00109518	1146.97	0.00109531		
1180.66	0.00555763	1180.66	0.00102437	1180.66	0.00102448		
1215.82	0.00253197	1215.82	0.000957328	1215.82	0.000957426		
1250.98	0.00273398	1250.98	0.000896446	1250.98	0.000896534		
1287.6	0.00401088	1287.6	0.0008388	1287.6	0.000838878		
1325.68	0.00650717	1325.68	0.000784357	1325.68	0.000784427		
1365.23	0.00149432	1365.23	0.000733054	1365.23	0.000733116		
1404.79	0.00133794	1404.79	0.000686448	1404.79	0.000686503		
1445.8	0.0020744	1445.8	0.000642489	1445.8	0.000642538		
1488.28	0.00109201	1488.28	0.0006011	1488.28	0.000601144		
1532.23	0.00214267	1532.23	0.000562193	1532.23	0.000562232		
1576.17	0.00401299	1576.17	0.000526793	1576.17	0.000526828		
1623.05	0.00292182	1623.05	0.000492443	1623.05	0.000492473		
1669.92	0.00110454	1669.92	0.0004612	1669.92	0.000461227		
1719.73	0.001778	1719.73	0.000431007	1719.73	0.000431031		
1769.53	0.00172367	1769.53	0.000403545	1769.53	0.000403567		
1822.27	0.00115596	1822.27	0.000377094	1822.27	0.000377113		
1875	0.00141084	1875	0.000353028	1875	0.000353045		
1930.66	0.00122385	1930.66	0.000329909	1930.66	0.000329924		
1986.33	0.00133273	1986.33	0.000308863	1986.33	0.000308876		
2044.92	0.00169544	2044.92	0.000288688	2044.92	0.0002887		
